눈을 떴을 때의 종횡비와 감았을 때의 종횡비

눈의 랜드마크 인덱스
LEFT_EYE_INDICES = [33, 160, 158, 133, 153, 144]
RIGHT_EYE_INDICES = [362, 385, 387, 263, 390, 374]

눈을 감았을 때
0.2915416626066776
0.3040989550080224
0.29775067722406257
0.30016216900542736
0.30501530747931166
0.3034500291255498
0.29069126815591984
0.27717396308687187
0.27827434439684584
0.2745129681742672
0.28743454826273684
0.2765759085924813
0.28996945451182704
0.28904056073957757
0.29625698694828867
0.28191908451767644
0.28274089671930375
0.29185390978598535
0.29242100715139624
0.27739270927549287
0.285274093469977
0.2779554306964487
0.289627925538251
0.27838867676169865
0.2779562057454807
0.2670562815333488
0.29016709982419303
0.2730608404339144
0.2734272606807382
0.2886965779356072
0.2839489332812282
0.28322930447950473
0.2915615182286685
0.30494231434357344
0.29892329966677317
0.2888892113210096
0.3054736505979859
0.2987155043775242
0.30368538986481536
0.30380654691231596
0.2930865871499601
0.3110818078558297
0.29387971331880314
0.3048889014855976
0.2987628528198776
0.3045636514164377
0.3108273756097396
0.29526016382157627
0.2918258920777124
0.29121829253583376
0.29341768452790207
0.30305733119962486
0.30664472554553024
0.29814049775650164
0.2996435659122613
0.29790319991596736
0.29613632147535435
0.29551667530799247
0.2883716392045544
0.28503992578412435
0.27336826289959704
0.27171051602622787
0.2612408612668589
0.265154755636201
0.2849417174902257
0.26908317782090485
0.27388973546595424
0.2752418705725242
0.2777749338737874
0.27909438609186116
0.28121688582483534
0.2822364003849394
0.2685727486905541
0.26595305448979695
0.25697038112354276
0.2733102076709934
0.27293343598007846
0.26969416527365325
0.2695397602066632
0.28174006118069006
0.28084957803573984
0.275604557969976
0.27937005399061204
0.2747220837639397
0.284557500850962
0.26829795873721635
0.2727065625103125
0.27290904461607685
0.27255914106154994
0.2714418956863031
0.27042048948161845
0.2696259045385032
0.2664021572253725
0.2677021579070003
0.2704278921804544
0.26667920074215773
0.2643319065780976
0.2661124739772701
0.2806728054656217


눈을 떴을 때
0.4504218451770819
0.45006548315116085
0.4453137507325228
0.43914681696917607
0.46364387760780196
0.4584017476314303
0.44383999284880926
0.43933701601724734
0.4436887485780661
0.4495107308143434
0.4338073521778299
0.4418227354957845
0.4308956656302084
0.44983512808900566
0.4334280209825179
0.457187664633196
0.44219856394777957
0.4451972964507023
0.45525789030813213
0.44299491585308537
0.4557762084422097
0.44558671820247364
0.4544344353855019
0.45663595783221805
0.45990816224152975
0.4621922413508367
0.4527382563032089
0.4555896611725309
0.45903259049871525
0.4505831888957616
0.4542886077193607
0.4676779930343381
0.4616348160707893
0.45610940742762407
0.45909206866931895
0.46162122943377465
0.4417297248751083
0.46484568174925023
0.4592724458250997
0.45116795293020634
0.4574352498454482
0.4583510018677311
0.44518373401618583
0.44896301919859494
0.4460945220133724
0.43688301493298126
0.4425448502726441
0.44724141684341884
0.43521654644455954
0.4410481821883123
0.43481236028163206
0.43233695993371485
0.4521295422226901
0.4464208765261023
0.44811028456592394
0.4586048590390821
0.45893689139024463
0.46358212351089545
0.4561902985940233
0.4580295231359422
0.4519062167777137
0.4532011359710352
0.45201826054784294
0.4354912953595144
0.4451009714447065
0.43671127456252895
0.4374857923077834
0.4408958958736617
0.43296670189734426
0.4225106221176706
0.3468962089821365
0.37835499348485097
0.4110528902743273
0.42098602137652086
0.4312084666142453
0.43465836930791135
0.4424103099386948
0.43875259036049863
0.43933084440214304
0.4357757774504492
0.4642062975396744
0.4285620408228942
0.4385304376417733
0.4404404941189115
0.4506997439376811
0.4539568835738924
0.45312535871527804
0.4427789482265404
0.4482088331884657
0.4489199296482778
0.4449967174066163
0.43807542785940357
0.44537139539920834
0.43879167720720974
0.4334961593586739
0.4397619012629264
0.44519416120213723
0.43091728579856475
0.42454508815776937
0.43436996127087923
0.4372340587274243
0.4327518389944301
0.44283448198339104
0.4363223464665171
0.42887140239472765
0.43688867929294245
0.4342422865773763
0.44085639935814414
0.4353276310252971
0.4320905300451385
0.43440826990056025
0.4386812490407474
0.4406595224921116
0.4404883366351149
0.43849790066240035
0.43805294657578625
0.4372192203500009
0.43778811076251867
0.44101114512044703
0.4406108995371711
0.4397840473545094
0.4426507809732495
0.45590800134538445
0.4261505648687631
0.444372158517505
0.4478971030699202
0.4387488355162594
0.43686141465622286
0.44173968505292355
0.44075344765047214
0.4470897852537999
0.4483196229898355
0.4401788012012392
0.47682288197680994
0.45351299076366625
0.45940975467761747
0.46332300275480015
0.461013805136986
0.47335577947588997
0.46664381699281704
0.4538565497661059
0.4470492644698403
0.42588659913030663




